990
640 383
37 28
68 144
25 73
35 922
107 101
397 196
57 936
860 734
69 773
427 671
13 229
911 686
373 28
389 73
356 800
891 65
494 58
277 28
162 481
349 99
119 500
255 29
171 791
173 848
156 159
103 652
914 857
272 346
786 533
442 522
391 755
38 41
514 297
968 941
13 133
885 65
2 217
330 527
87 82
550 546
155 599
787 17
907 210
165 76
360 123
670 101
102 414
199 121
353 174
87 202
352 644
142 114
662 311
33 390
448 388
3 587
615 264
796 602
536 71
154 350
85 544
13 44
589 197
414 973
374 356
714 707
440 592
203 486
824 823
56 776
719 190
336 33
54 106
16 67
37 192
57 25
359 677
8 65
193 227
985 122
609 961
15 552
939 573
217 490
665 642
705 393
604 699
816 859
927 116
694 550
93 108
72 294
545 144
533 728
463 604
145 749
305 100
135 928
983 388
102 249
639 666
663 398
759 655
13 7
5 8
273 129
268 168
244 167
477 590
46 17
747 499
211 87
735 840
427 770
134 92
107 230
525 259
819 500
812 831
509 751
910 916
117 441
752 575
161 469
540 63
733 441
150 169
506 11
753 745
440 240
601 57
588 90
694 761
124 264
687 111
191 314
256 231
394 99
5 12
99 7
21 116
39 85
682 370
50 45
231 78
104 120
661 423
29 119
352 328
324 12
893 380
929 767
330 52
19 39
79 530
3 93
934 270
614 183
461 28
449 639
75 36
881 563
150 146
211 443
610 549
560 506
150 392
601 951
248 152
358 247
77 794
16 166
388 228
897 946
95 19
918 723
586 178
42 436
99 395
557 155
625 698
989 603
935 325
396 619
21 3
461 720
113 419
654 260
224 172
296 899
834 555
628 521
941 892
7 121
165 690
170 518
812 181
38 30
741 334
472 576
735 850
162 832
240 347
878 136
123 157
365 106
892 181
174 205
75 115
58 88
273 437
788 35
408 18
226 568
370 423
427 249
813 727
254 343
174 489
124 44
299 821
509 350
548 408
12 14
425 236
43 22
392 875
990 231
974 669
393 290
159 362
282 579
504 862
718 841
657 439
297 22
90 279
298 101
193 1
17 72
537 866
52 71
958 500
180 212
320 807
131 43
63 551
240 402
317 333
237 257
136 109
196 210
943 498
633 949
455 382
646 647
356 406
143 857
637 707
683 310
920 472
34 130
321 39
42 422
541 777
4 109
364 763
30 36
13 22
8 376
468 250
613 224
19 426
317 616
443 712
160 463
312 723
38 96
279 632
66 70
706 23
442 600
112 429
737 47
463 493
552 952
642 320
668 419
775 350
34 23
10 5
808 10
513 717
380 90
70 206
643 30
325 251
501 606
289 745
18 151
118 583
331 95
182 11
60 505
523 44
105 251
726 375
250 574
282 35
169 363
235 239
80 473
113 539
294 323
62 200
820 270
987 34
120 156
218 595
177 104
811 800
904 565
17 433
303 430
398 521
40 534
257 685
858 843
238 168
556 220
20 81
727 250
675 689
381 169
383 220
190 301
957 90
510 241
517 188
110 7
129 629
214 50
47 7
529 495
582 487
757 69
267 658
897 278
28 58
200 309
376 758
725 666
407 208
225 645
499 61
195 96
326 325
651 708
898 848
446 440
188 182
799 153
88 163
273 817
805 575
256 286
161 669
338 264
11 3
721 377
306 75
137 340
804 452
80 22
465 254
436 508
873 254
453 528
196 57
418 57
500 984
138 867
258 181
771 588
62 959
526 573
554 538
711 550
378 284
789 598
30 543
553 46
265 252
64 364
351 710
46 114
95 809
479 24
302 597
732 399
493 864
483 803
249 396
977 131
969 100
92 6
212 925
434 750
502 126
861 788
267 132
501 24
254 100
87 213
198 207
538 827
280 106
51 912
361 350
387 146
575 536
462 231
22 507
50 612
637 45
60 724
58 105
385 309
813 975
319 149
24 4
60 513
271 538
541 228
146 960
855 192
903 416
459 77
194 39
602 646
5 19
130 300
56 113
498 92
288 555
4 5
4 6
97 86
3 684
870 782
330 839
224 366
421 339
467 375
14 17
19 31
420 390
75 259
169 648
476 221
186 307
244 516
339 27
118 313
30 240
107 673
359 275
369 48
297 403
641 199
953 855
274 198
158 147
444 36
190 356
51 35
79 148
845 58
23 19
241 460
30 532
221 77
602 29
619 709
118 117
627 617
535 116
388 822
49 439
298 382
743 545
768 153
55 26
519 234
954 305
520 201
766 89
823 350
57 170
801 388
28 3
608 215
343 487
128 906
238 447
572 437
784 705
460 967
760 257
449 132
340 734
37 149
896 460
246 838
478 57
29 25
580 232
281 238
146 43
700 765
22 60
246 308
25 4
942 572
471 345
93 905
316 228
4 2
598 679
543 756
257 399
695 646
245 99
493 778
598 783
184 36
200 424
100 51
29 78
853 41
78 90
431 343
458 358
354 95
232 217
91 98
919 33
664 544
126 28
171 547
208 135
917 684
86 58
461 982
80 183
552 715
345 189
565 744
971 324
843 786
540 716
492 872
988 737
964 105
398 5
64 111
598 293
584 146
28 128
802 719
416 483
438 343
7 4
418 578
141 26
62 328
213 355
646 847
628 667
51 84
629 894
879 535
202 220
321 876
129 132
450 605
183 235
338 386
254 978
422 475
308 631
531 524
833 499
244 754
143 140
265 317
271 262
666 844
477 18
915 397
692 187
559 111
315 125
938 621
251 327
908 604
382 713
284 322
634 19
836 149
415 364
288 452
15 33
20 5
4 30
151 204
441 457
83 74
61 12
806 29
535 790
660 234
367 205
242 97
139 41
785 42
74 6
164 650
853 924
527 937
150 291
764 522
147 32
135 98
237 17
826 783
963 168
494 792
118 233
569 63
125 51
704 882
335 277
56 91
140 312
401 247
702 248
909 458
67 485
447 515
68 34
757 923
29 89
377 233
496 195
635 415
348 746
798 12
780 716
344 815
536 736
188 730
408 495
155 4
411 636
283 78
467 651
511 489
42 243
565 244
293 92
178 104
64 48
672 336
701 143
877 568
175 92
27 3
655 544
137 981
413 526
842 800
131 491
222 284
405 291
32 762
320 76
287 211
820 931
292 142
234 371
159 986
134 145
416 132
171 66
123 368
122 186
1 9
649 94
812 868
748 68
597 895
137 96
681 299
235 253
35 198
53 27
238 451
979 284
261 680
312 884
888 741
562 39
163 869
449 596
73 311
40 179
211 342
164 304
932 142
49 8
170 310
44 164
216 145
689 972
318 202
400 94
2 94
164 497
856 224
731 558
348 237
594 425
1 571
980 35
453 68
21 561
54 35
593 426
2 1
607 404
549 449
189 58
617 188
21 172
160 32
187 52
412 49
332 542
947 839
280 411
55 127
276 58
746 890
119 161
10 48
79 466
18 77
62 51
177 688
71 900
168 176
178 546
17 269
197 105
793 880
35 34
372 266
94 101
367 693
854 739
835 169
293 435
214 262
338 370
346 410
104 83
445 439
375 314
944 891
101 117
930 43
962 14
220 691
566 365
183 871
299 456
913 793
289 214
213 228
231 261
163 270
252 76
618 313
16 13
762 781
2 140
444 945
812 828
797 587
66 295
816 473
334 147
558 535
20 464
228 236
168 81
545 630
247 79
956 41
883 777
591 325
62 191
622 430
171 442
180 106
704 497
54 185
921 276
14 290
391 49
107 246
21 266
145 154
131 296
135 209
347 585
901 660
174 142
341 818
910 586
329 322
527 837
769 508
39 337
767 245
623 131
461 563
722 326
115 696
96 729
793 370
830 372
902 828
71 675
153 105
35 59
626 303
431 889
611 567
177 697
434 270
285 166
31 577
84 138
19 45
53 223
36 303
626 825
122 49
9 129
226 288
8 42
772 795
623 829
626 886
450 384
840 851
472 926
234 179
138 219
250 44
37 40
590 846
648 738
533 523
453 620
656 346
338 428
940 137
285 653
419 474
750 865
129 263
260 10
480 132
148 275
69 58
46 609
686 315
12 15
294 965
676 430
3 1
120 384
65 700
492 53
42 82
504 185
204 537
296 966
167 136
524 504
81 887
50 123
225 135
112 218
863 27
344 314
54 56
512 92
625 419
103 28
32 27
62 740
570 391
58 659
267 379
810 226
64 215
260 739
640 678
3 18
567 442
57 357
341 188
344 782
105 482
222 89
840 970
536 976
409 383